Rainfall simulation completed in 214 time steps.
Runtime:  0 seconds

The following grid shows the number of raindrops absorbed at each point: 
10 10.5 20 10 30 10 10 50 10 10 10 50 10 10 59 10 
10 68.5 10 60 10 11 10 10 10 49.5 10.5 10 10 10 11 10 
10 11 10 10 10 49 10 10 40 10 10 10 13.5 76.5 10 10 
13.5 10 10 21 91.5 10 10 20 13.5 91.5 10 20 10 10 10 50 
75.5 11 11 16.5 10 10 60 10 11 14 10 10 60 10 10 10 
10 10 10 10 10 30 10 10 10 10 10 40 10 10 13.5 10 
40 10 10 20 10 10 10 40 10 10 40 10 10 80.5 16 10 
10 49.5 10.5 10 17 24.5 107.5 10 30 10 10 10 10 10 10 50 
10 10 10 10 10 10 11 10 10 10 10 82.5 16.5 11 10 10 
10.5 10 17 87.75 10.25 40 10 10 49.5 10.5 10 10 56.5 13.5 10 20 
59.5 10 10 10 10 10 10 40 10 10 60 10 10 10 20 10 
10 10 20 10 25 10 76.5 10 30 10 10 10 10 20 10 66.5 
10 30 10 85.5 11 10 13.5 20 10 20 11 49 13.5 10 10 13.5 
72 10 10 13.5 10 10 10 10.5 79 10.5 10 10 56.5 10 10 10 
17 10 10 10 10 82.5 10 10 10 10 10 50 10 10 40 10 
11 10 30 10 10.5 17 10 10 40 10 30 10 10 50 10 20 
